14.590428
9.88219
4.020969
11.312249
7.248095
7.086052
6.978378
0.414537
0.317639
0.611392
0.29787
0.305923
1.371845
0.351121
0.344883
0.310281
0.354289
0.319759
2.287387
0.349627
0.359698
0.366696
0.330671
0.366226
0.404811
0.473665
0.47355
0.371087
0.357597
0.354085
0.314819
0.334546
0.503052
0.496913
0.471873
0.45356
0.436336
0.471611
0.453535
0.459779
0.455328
0.446449
0.444741
0.434119
0.430371
0.406684
0.381179
0.382753
0.35688
0.373534
Min in ms: 0.29787
Max in ms: 14.590428
Average in ms: 1.62242124
