16.283707
7.831382
10.284705
5.692999
2.156707
0.52035
0.38642
0.369705
0.359822
0.317227
0.369342
0.46271
0.483856
0.414369
0.384847
0.305733
0.369662
0.338011
0.447909
1.306521
1.11869
0.561175
0.521152
0.522957
0.643795
0.540038
0.542967
0.503982
0.473835
0.45475
0.457209
0.437047
0.45639
0.421245
0.416433
0.417986
0.408429
0.437228
0.385956
0.372658
0.387675
0.371523
0.354384
0.450328
0.536922
0.45876
0.362269
0.366121
0.297104
0.332029
Min in ms: 0.297104
Max in ms: 16.283707
Average in ms: 1.26194042
