11.745665
9.680769
7.524632
8.038866
4.906577
0.495221
0.374076
0.359635
0.337593
0.361492
0.48864
0.516863
0.426244
0.324676
0.352688
0.335399
0.342011
0.386601
0.482856
0.714141
0.43797
1.056495
0.512586
0.533639
0.519504
0.568257
0.537393
0.529351
0.486841
0.469993
0.448107
0.403448
0.443202
0.404559
0.402453
0.424281
0.421652
0.412988
0.371463
0.396384
0.313567
0.359201
0.429821
0.518011
0.528478
0.372946
0.347748
0.351688
0.360581
0.377614
Min in ms: 0.313567
Max in ms: 11.745665
Average in ms: 1.23869732
