16.945379
9.644234
4.218564
7.257768
7.381628
9.370238
7.036097
0.848127
0.326419
0.338019
0.400065
0.311708
0.288571
1.012227
0.425674
0.303918
0.300754
8.207168
0.507462
0.409142
0.383698
2.90883
0.342631
0.3242
0.329953
0.343756
0.383449
0.417656
0.436761
0.399752
0.354379
0.401379
0.336512
0.339711
0.379238
0.489167
0.472492
0.34191
0.347973
0.344449
0.329518
0.336646
0.351842
0.433806
0.449887
0.354054
0.314442
0.295691
0.323767
0.305449
Min in ms: 0.288571
Max in ms: 16.945379
Average in ms: 1.7821232
