8.518168
12.465504
1.473743
1.467048
1.46948
1.466663
1.465848
1.466404
1.463315
1.463688
1.466368
1.464625
1.464758
1.462892
1.463998
1.465537
1.464533
1.465244
1.468023
1.463748
1.465077
1.467186
1.464478
1.468194
1.464422
1.465186
1.467309
1.465245
1.465109
1.465347
1.463791
1.462651
1.465968
1.464962
1.465447
1.463962
1.4632
1.46554
1.463191
1.471639
1.469084
1.464082
1.463275
1.467375
1.462936
1.466124
1.464382
1.464753
1.464971
1.464206
Min in ms: 1.462651
Max in ms: 12.465504
Average in ms: 1.82657358
