11.717072
7.396373
8.642915
7.626453
1.730409
0.443246
0.326513
0.387513
0.412206
0.431409
0.384371
0.382497
0.351103
0.353899
0.362263
0.345951
0.389058
0.372252
0.383393
0.416844
0.541038
0.504692
0.488761
0.44301
0.542587
0.507866
0.487786
0.475815
0.513921
0.489006
0.488626
0.413756
0.437688
0.368701
0.37666
0.542226
1.164578
0.381544
0.350102
0.349865
0.394133
0.466233
0.444816
0.412566
0.410179
0.401428
0.369922
0.439929
0.40389
0.402305
Min in ms: 0.326513
Max in ms: 11.717072
Average in ms: 1.13738738
