16.859283
7.656566
9.05281
7.978088
7.550258
2.028895
0.372452
0.401897
0.378022
0.428471
0.421892
2.01222
0.37033
0.332568
0.355586
0.331858
0.352094
0.346018
0.333148
0.359196
0.369628
0.354279
0.389183
0.383808
0.368927
0.384068
0.401081
0.384818
0.358833
0.369026
0.456068
0.499391
0.480013
0.435572
0.424408
0.41594
0.426441
0.464268
0.444221
0.434038
0.421754
0.443638
0.456927
0.455418
0.390361
0.381459
0.412534
0.427329
0.386339
0.381043
Min in ms: 0.331858
Max in ms: 16.859283
Average in ms: 1.4064493
