12.977516
8.421716
7.564948
11.894424
1.215748
2.053722
2.954975
1.133599
0.927828
1.20156
1.440592
1.466789
1.369177
1.49359
1.207148
1.375316
1.136343
1.191829
1.06811
1.236439
1.593027
1.147822
1.241957
0.613273
0.323289
0.340454
0.360408
0.396942
0.408376
0.373238
0.324314
0.33511
0.380665
0.386061
0.397478
0.285745
0.286903
0.332316
0.493758
0.476261
0.371809
0.311751
0.289282
0.32994
0.294951
0.296755
0.375214
0.389124
0.379699
0.327918
Min in ms: 0.285745
Max in ms: 12.977516
Average in ms: 1.54390418
