18.430178
10.133292
8.025142
6.864278
0.403616
0.373136
0.421737
0.363751
0.363659
1.346811
0.490256
0.334004
0.329521
0.330536
0.330445
0.36407
0.470639
0.463957
0.51238
0.71803
1.891192
0.657896
0.632064
0.588966
0.498759
0.46294
0.471188
0.448738
0.418592
0.424177
0.443791
0.39698
0.409598
0.418849
0.417511
0.421584
0.376031
0.376972
0.493188
0.483449
0.431455
0.372091
0.382811
0.367064
0.383542
0.497447
0.565519
0.54892
0.489558
0.448533
Min in ms: 0.329521
Max in ms: 18.430178
Average in ms: 1.32577686
