15.738267
8.029701
4.299656
8.336938
7.25171
7.563247
7.453248
2.703834
0.279002
0.322027
0.361162
0.413836
0.475909
0.490894
0.293977
0.279563
0.317812
0.313761
0.331308
0.410821
0.510413
0.546072
0.340557
0.348585
0.347828
0.349255
0.329028
0.499684
0.515763
0.522067
0.469154
0.425916
0.488482
0.435013
0.682366
0.461411
0.437875
0.440318
1.804368
0.515479
0.481138
0.525714
0.500937
0.440211
0.487966
0.403767
0.394191
0.390133
0.35977
0.350494
Min in ms: 0.279002
Max in ms: 15.738267
Average in ms: 1.60941256
