16.256359
10.479994
7.84146
7.645292
1.079235
0.407166
0.360396
0.348949
0.327425
0.406446
0.580846
0.505325
0.320966
0.337608
0.325688
0.32024
0.361455
0.477357
0.536771
0.426462
0.376383
3.88336
0.371601
0.829544
0.410384
0.406789
0.537857
0.504897
0.515572
0.358587
0.372855
0.368765
0.379552
0.424824
0.548244
0.554108
0.354041
0.36783
0.330353
0.344548
0.328087
0.439035
0.447312
0.428289
0.325914
0.385912
0.372311
0.360297
0.439916
0.485241
Min in ms: 0.32024
Max in ms: 16.256359
Average in ms: 1.31195696
