12.076156
7.995163
7.904155
8.03365
1.407797
0.350529
0.435698
0.352114
0.377028
0.382479
0.381906
0.367469
0.347197
0.342319
0.422844
0.446341
0.454501
0.368771
0.337209
0.388092
0.566148
0.521904
4.265223
0.387822
0.340631
0.496193
0.48229
0.551951
0.559754
0.372309
0.338788
0.377921
0.357507
0.3865
0.493507
0.523602
0.352284
0.30409
1.67778
0.328994
0.298958
0.257935
0.28557
0.279913
0.342223
0.359642
0.365912
0.358802
0.287441
0.270957
Min in ms: 0.257935
Max in ms: 12.076156
Average in ms: 1.19927938
