24.223779
11.677125
6.278887
0.614354
0.50082
0.478034
0.38102
0.401653
0.38687
0.382247
0.870563
0.588605
0.411354
0.437986
0.401465
0.442488
0.547648
0.576122
0.42604
0.430499
0.426448
0.431466
0.593749
2.281309
0.436058
0.461895
0.438489
0.509167
0.489544
0.407778
0.385569
0.453437
0.452899
0.446218
0.377881
0.408564
0.405629
0.348489
0.375934
0.373111
0.363942
0.380321
0.38086
0.366825
0.340393
0.37153
0.362664
0.315029
0.331232
0.399836
Min in ms: 0.315029
Max in ms: 24.223779
Average in ms: 1.2914765
