7.190755
2.391386
2.054395
2.062008
3.952644
2.382307
2.270792
1.908279
2.003658
1.944185
1.37812
0.166462
0.168884
0.159984
0.151856
0.143358
0.14596
0.15532
0.144069
0.190024
0.197096
0.794794
1.5437
0.156918
0.21709
0.177698
0.143854
0.16179
0.157164
0.15003
0.151083
0.163261
0.163397
0.1604
0.153824
0.14778
0.156662
0.177506
0.182583
0.191865
0.198048
0.185263
0.213268
0.198385
0.181991
0.16697
0.148159
0.174881
0.178841
0.154308
Min in ms: 0.143358
Max in ms: 7.190755
Average in ms: 0.7622611
