9.90689
3.121597
2.343399
2.366381
2.497004
2.391052
2.313089
2.21915
0.608357
4.407505
5.647428
3.634685
2.717698
2.157834
2.083966
2.254841
2.146392
2.23528
1.977832
2.206082
0.587415
0.133359
0.138579
0.151595
0.147133
7.758815
0.148903
0.188886
0.31804
0.172567
0.161733
0.150779
0.160807
0.156997
0.156469
0.154034
1.747816
4.539573
2.127896
2.275524
2.163337
2.169323
2.43604
2.114679
2.193074
2.189348
2.050468
2.134468
2.105481
2.298826
Min in ms: 0.133359
Max in ms: 9.90689
Average in ms: 2.04936852
