5.911188
5.392953
2.312257
1.950008
2.181302
2.267871
2.355228
2.078456
2.172063
1.937367
4.014747
0.572422
0.176451
0.223894
0.169249
0.159422
0.178253
0.152062
0.206428
0.183166
0.245876
0.20725
0.217747
0.243283
0.283126
0.250042
0.218023
0.204628
0.157959
0.168187
0.17406
0.17108
0.159913
0.179731
0.166845
0.187605
4.017257
0.259825
0.227822
0.235893
0.187277
0.161944
0.180848
0.16868
0.169974
0.166076
0.168963
0.171339
0.247595
0.212622
Min in ms: 0.152062
Max in ms: 5.911188
Average in ms: 0.88812514
