5.875238
7.264772
2.394861
2.077898
4.51307
1.994899
2.125101
2.247266
2.311962
2.012046
2.198842
1.833048
1.922452
1.965828
2.078459
1.651089
0.184659
0.157436
0.147885
0.168804
0.193545
0.199798
0.152156
0.149087
0.190682
0.177857
0.200793
0.201159
0.185923
0.355742
0.17456
0.176823
0.154519
0.137721
0.15927
0.146503
0.141715
0.168388
0.158533
0.150734
0.164615
0.150792
0.188932
0.199597
0.315243
2.666658
0.188601
9.412296
0.155761
0.144997
Min in ms: 0.137721
Max in ms: 9.412296
Average in ms: 1.2457723
