5.389598
4.950768
2.458435
1.944564
2.207226
2.406656
2.486079
4.340546
2.034185
2.119418
1.942651
2.088393
1.993897
1.941537
2.042569
2.003532
2.200946
0.487132
0.166599
0.12432
0.19005
0.197895
0.218211
0.17657
0.20281
0.178483
0.242434
0.161097
0.151095
0.163225
0.173866
0.152981
0.182847
0.189509
0.184767
0.25181
0.197034
0.190408
0.178721
0.190726
0.144547
0.167253
0.161876
0.191386
0.189761
0.182741
0.184805
0.214983
0.350651
0.242666
Min in ms: 0.12432
Max in ms: 5.389598
Average in ms: 1.02268518
