6.644909
2.529315
2.224837
5.036499
2.161475
2.206698
2.00116
2.009754
1.844095
3.737712
0.198203
1.632692
0.361351
0.211499
0.247156
0.189003
0.203561
0.145848
0.152821
0.17732
0.174791
0.187838
0.19404
0.170648
0.186419
0.20361
0.2017
0.281049
0.239767
0.216885
0.221036
0.285076
0.203587
0.188272
0.187491
15.119243
0.176314
0.160456
0.139423
0.14876
0.156094
0.162394
0.205234
0.224176
0.240283
0.217197
0.237682
0.272051
0.197251
0.204698
Min in ms: 0.139423
Max in ms: 15.119243
Average in ms: 1.09838746
