5.242643
4.03542
0.422432
0.555011
0.442019
0.450278
0.41779
0.478214
0.482847
0.567991
0.422163
0.416172
0.536513
0.416806
0.638333
0.416466
0.455682
0.503986
0.496978
0.489114
0.548377
0.38873
0.565765
0.484565
0.424841
0.389354
0.443427
0.438356
0.424412
0.440692
0.408661
0.389899
0.389083
0.389054
0.389063
0.388379
0.389325
0.453526
0.311426
0.458906
0.439218
0.434374
0.431297
0.431125
0.430575
0.43456
0.430671
0.429407
0.429807
0.474329
Min in ms: 0.311426
Max in ms: 5.242643
Average in ms: 0.61536124
