6.253002
2.424758
2.359279
2.33542
2.373775
2.516809
2.374933
2.263583
2.226591
1.141601
0.247266
0.222042
0.215459
0.208828
0.236888
0.242796
0.292372
0.269096
0.275719
0.282125
0.232566
0.852965
0.325227
0.283948
0.296353
0.263252
0.264575
0.237936
0.235442
0.249536
0.254622
0.258572
0.244043
0.275705
0.225882
0.249055
0.305012
0.274902
0.250287
0.234746
0.252279
0.254201
0.228338
0.263623
0.205789
0.190987
0.197806
0.202636
0.1817
0.173992
Min in ms: 0.173992
Max in ms: 6.253002
Average in ms: 0.73456638
