8.604509
3.035569
2.089213
2.248341
4.939744
2.35171
2.120854
2.169075
2.099379
2.196068
2.68736
3.315029
3.004699
0.227105
0.240083
0.201434
0.196903
0.193237
0.164339
0.174728
0.200014
0.179671
0.165244
0.186332
0.16571
0.162949
0.207028
0.284079
0.209899
0.192242
0.174712
0.180835
0.183372
0.184391
0.153562
0.167461
0.154796
0.172968
0.167264
0.155639
0.167473
0.166734
0.194736
0.233987
0.208901
0.243246
0.174199
13.529368
0.225452
0.171799
Min in ms: 0.153562
Max in ms: 13.529368
Average in ms: 1.22446884
