5.787689
3.09791
2.724866
2.038669
2.440139
2.334329
2.042139
2.193602
2.241921
2.301989
2.115311
0.659179
0.169063
0.286635
0.17172
0.221926
0.17055
0.181309
0.15486
0.259047
0.152853
0.158716
0.267395
0.251137
0.225447
0.189594
0.255293
0.187368
0.254901
0.178808
0.17944
1.732244
0.187497
0.149723
0.208078
0.213565
0.194203
0.16867
0.159637
0.195451
0.201162
2.28595
0.190891
0.187704
0.186853
0.173369
0.18051
0.177011
0.198705
0.161563
Min in ms: 0.149723
Max in ms: 5.787689
Average in ms: 0.82093182
