34.070303
11.491985
29.66086
1.293019
1.639873
1.237866
1.613161
1.23797
1.605192
1.178728
4.421022
1.289521
2.733001
1.285254
1.286152
5.399503
1.334512
1.408559
1.387585
1.582729
1.471878
1.293181
1.404155
1.476355
1.20044
1.270288
1.55108
1.154078
1.354174
1.246755
1.17191
1.16535
1.07096
1.111838
1.151676
1.097009
1.13313
1.270752
1.047047
1.315001
1.335421
1.120563
1.595344
1.160635
1.157152
1.569102
1.1874
1.192877
1.288315
1.292891
Min in ms: 1.047047
Max in ms: 34.070303
Average in ms: 2.90027104
