46.581183
37.611274
20.060345
1.946781
1.960042
2.86831
1.494921
1.994486
1.66772
2.063621
1.640409
2.037462
1.818201
1.509996
1.980965
1.688077
1.678497
1.79032
1.666081
1.91753
1.498052
2.017044
2.174875
1.802841
1.868788
1.772945
1.701321
1.4876
1.765992
1.398632
1.461393
1.680112
1.519873
2.120144
1.476357
1.410336
1.400135
1.425655
1.466349
1.521186
1.347996
1.477091
1.361199
1.570384
1.530962
1.47019
1.421966
1.445409
1.388317
1.42833
Min in ms: 1.347996
Max in ms: 46.581183
Average in ms: 3.6677539
