39.383633
28.864926
9.707811
1.389666
4.03445
1.177044
1.188121
1.687687
1.097739
1.462803
1.908149
1.46488
1.585437
1.369466
1.542073
1.351232
1.634473
1.421214
1.504022
1.164922
1.648537
1.193581
1.655182
1.193756
1.60815
1.575052
1.568027
1.528334
1.458465
1.465409
1.448733
1.316584
1.407204
1.252317
1.177863
1.189962
1.15394
1.153753
1.047538
1.062327
1.172499
1.105587
1.130044
1.10325
1.135776
1.097335
1.078439
1.3788
0.952312
1.114836
Min in ms: 0.952312
Max in ms: 39.383633
Average in ms: 2.8662668
