32.927644
8.897796
32.826039
2.652337
1.422321
1.438808
1.253575
1.282177
1.469569
1.273734
1.436746
1.206485
1.44429
1.461613
1.548084
1.337071
1.254811
1.436127
1.37619
1.335453
3.07783
1.299377
1.442644
1.398093
1.399193
1.38151
1.607908
1.315294
1.534058
1.362587
1.43919
1.724639
1.579783
1.607688
1.590021
1.494531
1.538661
1.337392
1.390451
1.338831
1.292878
1.285681
1.260678
1.200184
1.065587
1.142705
1.150242
1.098998
1.339935
1.106671
Min in ms: 1.065587
Max in ms: 32.927644
Average in ms: 2.8416822
