32.268601
17.225214
27.023193
1.589827
1.553746
1.150311
1.567093
1.211189
1.71518
1.127862
1.547535
1.235482
1.292004
1.242488
1.286807
1.202873
1.3851
1.144109
1.634334
3.183456
1.400455
1.424556
1.587075
1.258593
1.68387
1.720613
1.671368
1.619885
1.815725
1.654537
1.567108
1.474864
1.404089
1.441632
1.44048
1.381892
1.35136
1.154891
1.415196
1.169596
1.265788
1.302549
1.092167
1.256535
1.091721
1.093254
1.087402
1.143918
1.120512
1.112708
Min in ms: 1.087402
Max in ms: 32.268601
Average in ms: 2.85581486
