32.965664
7.41954
29.367831
1.264248
1.625669
1.191411
1.687919
1.296182
1.651245
1.278929
2.829538
1.525455
2.221414
1.728848
1.919633
1.782726
1.652898
1.876473
3.335708
1.662911
1.517558
1.482086
1.301723
1.501798
1.334586
1.55663
1.337606
1.315767
1.344832
1.401396
1.266352
1.29331
1.32724
1.171778
1.169571
1.085127
1.131671
1.062475
1.23119
1.139585
1.43483
1.077495
1.548499
1.405986
1.37627
1.357298
1.426122
1.406827
1.509766
1.261279
Min in ms: 1.062475
Max in ms: 32.965664
Average in ms: 2.8012179
