64.915146
43.284459
3.046386
3.23242
3.237678
2.635554
3.397541
2.594575
5.445717
2.318929
2.466118
2.504383
2.247875
2.775831
5.663252
2.190608
3.730438
2.282325
4.080007
2.214379
3.188106
2.100023
2.040079
2.192207
2.35613
2.354388
2.40541
3.616854
2.900608
3.141718
2.156528
3.013926
2.264928
2.517857
2.208656
2.768157
2.039337
2.264452
2.336204
2.132585
2.55421
2.494771
2.741318
2.696787
3.391042
2.646594
2.33438
2.278902
2.130141
2.058209
Min in ms: 2.039337
Max in ms: 64.915146
Average in ms: 4.79176256
