33.002071
16.273997
29.152145
3.789096
1.170941
1.454246
1.370549
1.279879
1.471186
1.15557
5.152502
1.340441
1.555079
1.211578
2.138615
1.207863
1.355486
1.418686
1.771417
1.549825
1.556238
1.545985
1.374474
1.423127
1.450669
1.512797
1.44395
1.393227
1.548098
1.490757
1.649355
1.482242
1.42682
1.236823
1.495576
1.076568
1.124524
1.219612
3.154212
1.087451
1.095732
1.106656
1.160965
1.067736
1.135824
1.318565
1.106471
1.111303
1.094189
1.14271
Min in ms: 1.067736
Max in ms: 33.002071
Average in ms: 2.99707656
