28.658497
23.543564
25.255553
6.572241
1.494753
1.303618
1.529126
1.397562
1.625055
1.258719
1.517
1.265085
1.69279
1.268794
1.676733
1.306051
1.783426
1.787896
1.724423
1.314811
1.27226
1.758028
1.788345
1.578008
1.15698
1.482965
1.118227
1.207614
2.672971
1.439787
1.61945
1.642644
1.850781
1.741188
1.518976
1.471533
1.630139
1.965931
1.420808
1.398796
2.348881
2.029761
1.807223
1.700203
1.569115
1.82812
1.433208
1.544517
1.124818
1.22564
Min in ms: 1.118227
Max in ms: 28.658497
Average in ms: 3.12645228
