37.640357
3.648308
31.184275
3.938973
1.226294
2.95935
1.440238
1.282841
1.715045
1.351663
2.288157
1.685452
1.780326
1.601072
1.52458
1.313255
1.530795
1.283733
1.789452
1.276469
1.850625
1.681064
2.416471
4.183794
1.635628
1.663576
1.899399
1.472526
1.40605
1.62695
1.388911
1.338046
1.329413
1.221924
1.18302
1.374908
1.450847
1.444873
1.007506
1.35414
1.200466
1.184074
1.663413
1.042189
1.140294
1.10097
1.243517
1.697657
1.106553
1.380937
Min in ms: 1.007506
Max in ms: 37.640357
Average in ms: 2.96300752
