35.326027
4.582934
31.535811
23.109497
1.274298
1.458299
1.182
1.535168
1.155199
1.495361
1.246851
1.261786
1.261428
1.119212
1.439041
1.193661
1.685942
1.130253
1.7349
1.378401
1.6486
1.276652
1.660085
1.266201
1.625349
1.365768
1.58392
1.334311
1.360713
1.245123
1.462314
1.321682
1.21361
1.468644
1.017275
1.244253
1.210634
1.060047
2.981163
1.291758
2.708197
1.596089
1.553373
1.381211
1.375514
1.330846
1.403456
1.231075
1.353763
1.313162
Min in ms: 1.017275
Max in ms: 35.326027
Average in ms: 3.19981714
