35.628202
6.505919
32.614722
2.53881
1.751745
1.763775
1.708663
1.544246
1.54577
1.528938
2.615471
1.606029
1.540661
1.55119
1.53928
1.531185
1.627929
1.384943
1.404928
1.521482
1.360989
1.520668
1.506223
1.405487
1.477154
1.407785
1.603645
1.38691
1.523075
1.142901
1.577173
1.187269
1.585717
1.116771
1.382384
1.227362
1.140683
1.393978
1.024259
1.073381
1.44301
1.462858
1.438675
1.409193
1.435035
1.453101
1.396421
1.300336
1.244554
1.213129
Min in ms: 1.024259
Max in ms: 35.628202
Average in ms: 2.88588028
