19.089115
15.473718
5.884468
5.749754
5.757173
5.746796
5.739588
5.76119
5.745599
5.743273
5.737119
5.747889
5.786727
5.740368
5.660431
5.510503
5.548181
5.47027
5.600544
5.507669
5.471562
5.524796
5.52084
5.468867
5.466477
5.463855
5.504815
5.551812
5.512777
5.473131
5.511141
5.465816
5.56447
5.928275
5.580366
6.012248
5.761635
5.778389
5.430389
5.515339
5.514798
5.490848
5.514418
5.461127
5.401786
5.516666
5.370411
5.499711
5.499868
5.428695
Min in ms: 5.370411
Max in ms: 19.089115
Average in ms: 6.06411406
