38.88511
9.574423
30.986666
13.984151
14.631532
28.148021
1.469418
1.31734
1.726608
1.321317
1.952765
1.355182
1.31456
8.025996
1.920271
1.693024
1.569055
1.796162
1.628942
1.573458
1.827921
1.3892
1.557165
1.381727
1.561414
1.548619
1.426271
1.537226
1.268074
1.788155
1.486351
1.240373
1.531906
1.066429
1.619195
1.167257
1.486042
1.214001
1.290736
1.412666
1.403208
1.523386
1.292112
1.228299
1.272832
1.291145
1.07394
1.6056
1.310739
1.435186
Min in ms: 1.066429
Max in ms: 38.88511
Average in ms: 4.14222352
