29.842112
29.741533
9.575978
1.34178
1.682563
1.558117
1.313566
1.573094
1.451391
1.442814
3.717882
1.212537
1.157559
1.635489
1.145187
1.697236
1.306681
1.69413
1.329457
1.786765
1.242708
1.698107
1.308491
1.729421
1.248515
1.709217
1.301518
1.487852
1.246212
2.973019
1.31094
1.250762
1.248629
1.198894
1.35245
1.263888
1.185616
1.391422
1.07654
1.508515
1.115032
1.497875
1.220939
1.171812
1.225493
1.25507
1.153135
1.516014
1.261617
1.140722
Min in ms: 1.07654
Max in ms: 29.842112
Average in ms: 2.74992592
