29.363982
5.21087
4.166478
3.738489
3.997318
1.781175
1.328265
1.568055
1.562659
1.400668
1.679738
1.743372
1.354083
1.534231
1.3842
1.636955
1.724295
1.697556
1.561147
1.749735
1.692722
1.504631
1.170542
1.900518
1.958277
1.372523
1.65287
1.177234
1.575884
1.69695
1.396683
1.506269
1.65149
1.495914
1.537197
1.621699
1.610629
1.524093
1.375245
1.428083
1.564015
1.297465
1.236485
1.324709
1.24646
1.487391
1.402756
1.240895
1.360523
1.163369
Min in ms: 1.163369
Max in ms: 29.363982
Average in ms: 2.28713584