35.470406
19.797294
22.28746
1.317826
1.363132
1.201981
1.66074
1.128522
1.616996
1.140826
3.64981
1.297583
1.768267
1.237481
1.426523
1.146746
1.124104
1.392142
1.145345
3.319245
1.196453
1.482938
1.467506
1.464976
1.421315
1.390218
1.497251
1.214433
1.347611
1.489272
1.222827
1.428598
1.20106
1.54314
1.083839
1.207964
1.17554
1.056898
1.059998
1.114642
1.287369
1.089373
1.284568
2.288034
1.19805
1.180109
1.125212
1.114167
1.312576
1.130389
Min in ms: 1.056898
Max in ms: 35.470406
Average in ms: 2.8713751
