38.330148
28.367395
10.867987
1.624411
1.275864
1.616028
1.196262
3.332466
1.138583
1.325412
1.99627
1.372467
1.737852
1.714471
1.768718
1.646236
1.614847
1.54217
1.434911
1.402789
1.396832
1.457831
1.411121
1.294227
1.46715
1.44682
1.342053
1.364279
1.510133
1.147001
1.455278
1.279046
1.212995
1.297958
1.278326
1.468783
1.037108
1.290958
1.471933
1.760911
1.318663
1.489439
1.330217
1.162165
1.242034
1.418173
1.009544
1.429616
1.042354
2.449552
Min in ms: 1.009544
Max in ms: 38.330148
Average in ms: 2.93175574
