36.708659
8.948102
27.517574
1.354265
1.506203
4.092447
1.246559
1.238416
1.545678
1.041112
1.498876
1.268066
1.305597
1.388637
1.057481
1.508811
1.097557
1.550512
1.19046
1.432256
1.852187
1.25534
1.687474
1.24855
1.718705
1.202239
1.673764
1.382166
1.362354
1.725216
1.238212
1.832054
1.729718
1.598702
1.645085
1.639742
1.545578
1.312716
1.401455
1.269257
1.324535
1.304483
1.342782
1.295339
1.097181
1.082479
1.081389
1.109065
1.070997
1.082424
Min in ms: 1.041112
Max in ms: 36.708659
Average in ms: 2.81216912
