35.915581
7.280003
27.1764
9.547642
1.502388
1.190501
1.415652
1.273548
1.179843
4.288753
1.031342
1.059958
1.353151
1.10998
1.079473
1.409584
0.999234
1.42371
1.21457
1.262658
4.876461
1.33546
1.483986
1.239194
1.51285
1.367254
1.484382
1.637757
1.421543
1.434166
1.438886
1.428751
1.453128
1.343601
1.315008
1.797401
1.262296
1.392816
1.390707
1.368397
1.264684
1.456254
1.084685
1.092023
1.093159
1.122714
1.106628
1.008365
0.997975
1.16638
Min in ms: 0.997975
Max in ms: 35.915581
Average in ms: 2.92181764
