37.014609
7.164297
31.456308
3.719209
1.439587
1.422075
1.792632
1.536504
1.59667
1.545806
5.611398
1.789309
1.369064
1.251681
3.590952
1.234004
2.701139
1.260161
1.353837
1.345341
1.433748
1.637946
1.25982
1.652296
1.91347
1.584946
1.116621
1.642944
1.018338
1.020562
1.077793
1.208413
1.267855
1.110891
1.118885
4.038416
1.171921
1.245411
1.224429
0.993269
1.457436
1.097851
1.282567
1.288231
1.083016
1.45811
1.1016
2.669918
1.405361
1.216396
Min in ms: 0.993269
Max in ms: 37.014609
Average in ms: 3.05986086
