30.05631
20.403726
6.818722
3.164303
5.432428
2.636038
3.69619
3.154022
1.434833
1.5391
1.375245
1.414022
1.73481
1.447643
1.618007
1.687135
4.218668
1.614559
2.511586
1.74687
1.417659
1.563765
1.484892
1.825534
1.727832
1.417153
1.509747
1.647006
1.253496
1.719765
1.561807
1.685052
1.424862
1.601083
1.604297
1.381519
1.497634
1.16568
1.577869
1.432524
1.203633
1.162062
1.371043
1.165753
1.208196
1.583182
1.156743
1.561802
1.480604
1.215022
Min in ms: 1.156743
Max in ms: 30.05631
Average in ms: 2.82622866
