30.846996
22.49897
5.068972
2.003055
2.404241
2.190604
2.13028
2.128972
2.236585
2.005024
2.178797
2.021353
1.817142
1.372074
1.356437
1.672206
1.736175
1.576593
2.132892
1.631156
1.695767
1.577427
1.686435
1.381778
1.598729
1.746379
1.783151
1.592347
1.733909
1.507733
1.319536
1.560421
1.646485
1.602159
1.64198
1.613001
1.499722
1.57495
1.483257
1.500604
1.458156
1.198838
1.422255
1.166378
1.621556
1.713941
1.27348
1.838863
1.466916
1.592653
Min in ms: 1.166378
Max in ms: 30.846996
Average in ms: 2.7501466
