34.597828
34.139699
1.521138
1.708315
1.680962
1.370576
3.842729
31.706857
3.36933
1.502121
1.224709
1.525444
1.058172
1.434687
1.272374
1.295434
1.41073
1.26294
1.486101
1.231946
1.777863
1.416372
1.431601
1.585785
1.499313
1.369429
1.688248
1.237102
1.508813
1.09332
1.280688
1.247666
1.160123
1.408181
4.741607
1.121189
1.27563
1.468807
1.407723
1.451515
1.442634
1.4053
1.441395
1.460287
1.305451
1.349682
1.2825
32.434835
2.171415
1.241068
Min in ms: 1.058172
Max in ms: 34.597828
Average in ms: 4.10695268
