34.878695
9.898519
29.358921
5.96963
1.500146
1.17971
1.464042
1.429442
1.491875
1.465512
1.442366
1.285434
1.452906
1.520949
1.197521
1.583304
1.046978
1.569051
1.136542
1.464341
1.318186
1.482428
1.4804
1.751975
1.437833
1.602536
1.321853
1.636629
1.350807
1.555704
1.352309
1.458757
1.443956
1.351639
1.449592
1.154805
1.530435
1.114409
1.346375
1.192654
1.211881
1.291462
1.151066
1.43231
1.038578
1.102087
1.119922
1.171621
1.238805
1.095299
Min in ms: 1.038578
Max in ms: 34.878695
Average in ms: 2.85044394
