31.582292
31.129049
3.917089
1.561463
1.586993
1.616227
1.755564
1.718794
1.60612
1.444437
1.605717
1.533578
1.337324
1.315607
1.338845
1.325301
1.443745
1.624555
1.523683
1.639679
1.485136
1.516711
1.61036
1.553462
1.593556
1.450868
1.404766
1.800039
1.306508
1.621094
2.27887
1.222353
1.494438
1.167554
1.555476
1.129891
1.417482
1.527571
1.472536
1.426686
1.470774
1.428406
1.583407
1.352849
1.252283
1.292858
1.292033
1.271581
1.279796
1.240705
Min in ms: 1.129891
Max in ms: 31.582292
Average in ms: 2.72212222
