35.20429
14.185012
19.619605
1.444881
1.529455
1.459061
1.336152
1.544422
1.190456
1.579471
1.141129
1.643065
1.539046
1.512687
1.55704
1.524157
2.143146
1.5407
1.494848
1.49718
1.433484
1.548992
1.28222
1.299187
1.314823
1.278328
1.544461
1.671553
1.618477
1.540454
1.516096
1.729068
1.578473
1.435266
1.465032
1.326309
1.258466
1.283676
1.144389
1.123541
1.103452
1.132502
1.282896
1.324076
1.54751
1.196554
1.152023
1.154917
1.176175
1.154549
Min in ms: 1.103452
Max in ms: 35.20429
Average in ms: 2.70605504
