80.701109
34.002229
4.057849
3.835998
4.06065
3.83602
3.599485
3.82779
3.403829
3.942468
8.126955
3.720784
3.701081
3.496392
4.131575
3.700396
3.106827
3.012663
3.529446
6.687044
3.498632
3.587356
3.926792
3.191804
3.463787
3.16403
3.129795
6.741957
4.241615
2.935877
3.008282
3.248077
4.007976
3.255904
3.192864
3.18182
3.090711
3.346427
5.833003
2.938603
4.186148
3.385945
2.875323
3.30816
3.046954
2.949261
3.162188
3.202848
2.752299
7.826975
Min in ms: 2.752299
Max in ms: 80.701109
Average in ms: 5.96324006
