37.489609
38.472364
8.379404
10.866804
6.405136
5.687192
3.864004
1.939675
1.81712
1.931589
1.978029
2.154324
1.945259
2.094999
1.998302
2.10146
2.560893
2.357484
1.804847
2.015747
2.406702
1.76977
1.900689
1.924038
1.663721
1.49106
1.603392
1.931145
1.652508
1.598124
1.555187
2.002689
1.894986
1.956928
2.626798
1.868643
1.733708
1.692669
1.632073
1.728598
1.643233
1.592945
1.875514
1.529452
1.927618
1.560026
1.597099
1.460564
1.455764
1.620685
Min in ms: 1.455764
Max in ms: 38.472364
Average in ms: 3.81521138
