34.154248
8.807398
28.442331
7.556996
1.376021
1.353847
2.769539
1.152909
1.151367
1.55015
1.010109
3.058088
1.030984
1.124746
1.347078
1.108895
1.17234
1.396852
1.141295
1.548723
2.117907
1.52603
1.35929
1.374133
1.391775
1.471688
1.31846
1.279231
1.426055
1.239625
1.447641
1.477541
1.480536
1.455752
1.351625
1.583242
1.303523
1.144672
1.475204
1.121746
1.479651
1.139606
1.171613
1.161276
1.099357
1.089677
1.100522
1.266093
1.043183
1.057742
Min in ms: 1.010109
Max in ms: 34.154248
Average in ms: 2.84416624
