29.810596
11.661814
27.75747
13.282365
1.239081
1.638619
1.256236
1.498982
1.090868
1.347104
1.269479
1.268672
1.200125
1.328887
1.103192
1.536751
1.048625
1.327299
1.644002
1.506046
1.446573
1.428474
1.456877
1.446476
1.335128
1.238473
1.324283
1.371652
1.244424
1.224872
1.21333
1.183625
1.090958
1.328932
1.094684
1.400736
1.29804
1.14343
1.283009
1.26863
2.859908
1.553653
1.470394
1.620567
1.512621
1.074149
1.431329
0.981023
1.054169
1.296858
Min in ms: 0.981023
Max in ms: 29.810596
Average in ms: 2.8898698
