36.789021
3.802724
33.079111
6.656372
1.416729
1.19861
1.420125
1.182549
1.586303
1.13677
1.471604
1.284447
1.307926
1.433171
1.088989
1.486978
1.067564
2.964962
1.130649
1.350814
1.554601
1.480081
1.340412
1.468387
1.700332
1.516189
1.578024
1.527622
1.558879
1.499008
1.507431
1.390772
1.463871
1.325967
1.320035
1.246598
1.267397
1.145613
1.516496
1.11272
1.341281
1.203
1.517414
1.040748
1.381107
1.103729
1.076878
1.186129
1.302026
1.065118
Min in ms: 1.040748
Max in ms: 36.789021
Average in ms: 2.87186566
