36.864255
32.556117
1.565932
1.554992
1.377852
2.478359
1.344155
1.387972
1.41035
1.487423
2.442444
1.451133
1.823045
1.342281
1.852989
1.710777
1.796106
1.659029
1.726387
1.587138
1.489754
1.497092
1.496274
1.505486
1.472573
1.421723
1.563926
1.321957
1.438474
1.224155
1.285095
1.659961
1.749121
1.126439
1.200471
1.180913
1.312751
1.218657
1.122826
1.32403
1.216937
1.502709
1.149337
1.636804
1.110418
1.387196
1.19691
1.072564
1.497849
1.105338
Min in ms: 1.072564
Max in ms: 36.864255
Average in ms: 2.79812952
