39.371493
29.544407
7.835261
1.417005
1.076765
1.528526
1.077891
1.538742
1.295513
1.281636
1.190964
1.566344
1.158044
1.526779
1.212691
1.457811
1.355397
1.381736
1.339022
1.35231
4.15136
1.299135
1.314205
1.518449
1.303282
1.709961
1.219104
1.550114
1.120351
1.408165
1.249815
1.240866
1.488977
1.087291
1.517216
1.126447
1.520789
1.150247
1.478083
3.402298
1.242608
1.360312
1.319984
1.082484
1.331979
1.068881
1.171762
1.194894
1.261957
1.361764
Min in ms: 1.068881
Max in ms: 39.371493
Average in ms: 2.87522234
