33.390711
11.238696
28.595226
1.363004
1.653094
1.189579
1.62125
1.083688
1.646775
1.301245
1.348875
1.32928
1.192297
1.513381
1.279749
1.559246
1.230091
1.290159
1.278667
1.585855
3.769943
1.349433
1.843345
1.264109
1.652752
1.133618
1.537817
1.164231
1.48345
1.160542
1.313334
1.339776
3.896501
1.156237
1.264619
1.582044
1.22601
1.27885
1.244775
1.161135
1.178784
1.131574
1.093983
1.253932
1.046971
1.14079
1.095289
1.199106
1.177598
1.069809
Min in ms: 1.046971
Max in ms: 33.390711
Average in ms: 2.7980245
