29.187238
13.202206
30.285364
12.288202
1.28172
1.639609
1.432272
1.736216
1.167384
1.334407
1.24665
1.208318
1.618076
1.149011
1.29777
1.368485
4.532792
1.314052
1.402561
1.353422
1.410561
1.387436
1.293553
1.231527
1.237567
1.234091
1.218646
1.15243
1.098388
4.653426
1.263882
1.215762
1.299778
1.418195
1.227577
1.282951
1.251757
1.325561
1.245278
1.311019
3.191177
1.397298
1.373589
1.386841
1.370667
1.434339
1.208092
1.141971
1.13549
1.228792
Min in ms: 1.098388
Max in ms: 30.285364
Average in ms: 3.07346792
