31.26482
47.953224
1.501815
1.611027
1.683752
1.538299
1.390596
1.43876
1.55082
1.302229
1.546324
1.384098
1.440481
1.534598
1.4719
1.433946
1.346816
1.659063
1.425937
1.843234
2.410793
1.447422
1.596469
1.563232
1.706914
1.531858
5.239047
1.460165
1.659298
1.204953
1.443845
1.207726
1.290979
1.238352
1.327445
1.280937
1.245434
1.446428
1.211816
1.324757
1.194297
1.264318
1.282932
1.178232
1.358155
1.200028
1.28026
1.340037
1.243201
1.397555
Min in ms: 1.178232
Max in ms: 47.953224
Average in ms: 3.03797248
