33.402209
11.705575
1.405026
1.804037
1.461615
2.315692
1.635004
1.556306
1.567648
1.571169
1.495987
1.343114
1.371248
1.397866
1.331439
1.413956
1.296086
1.248214
1.123355
1.314999
6.799253
1.489321
1.370246
1.483219
1.648097
1.388277
1.312639
1.478168
1.344214
1.309154
1.521143
1.315029
1.315844
1.596993
1.441375
1.448689
1.434637
1.296203
1.287159
1.319427
1.268534
1.514682
1.157873
1.407805
1.075539
1.155925
1.366619
1.265181
1.183172
1.182584
Min in ms: 1.075539
Max in ms: 33.402209
Average in ms: 2.35875092
