36.454254
5.606713
28.511939
11.384263
1.197637
1.691723
1.194764
1.636138
1.166946
1.527274
1.39059
1.289607
1.579927
1.086137
1.772053
1.077853
1.265383
1.454037
1.325094
1.485088
1.197888
1.659941
1.223262
1.641561
1.301244
1.70717
1.285291
1.663227
1.217316
1.678215
1.256436
1.721171
1.172049
1.76958
1.213315
1.549869
1.333233
1.515314
1.298512
1.266801
1.330108
1.131358
1.11056
1.319013
1.085509
1.111123
1.059408
1.14981
1.179168
1.12311
Min in ms: 1.059408
Max in ms: 36.454254
Average in ms: 2.88735964
