35.518026
6.048063
28.694409
7.469934
1.52572
1.099908
1.536748
1.142389
1.408462
1.271605
1.215348
1.400463
1.079096
1.463581
1.040625
1.24493
1.24287
1.147421
1.524096
1.386448
1.451796
1.359357
1.294667
1.264282
1.5512
1.202714
1.598642
1.219511
1.462243
1.547645
1.356895
1.45337
1.530635
1.43676
1.240827
1.289027
1.350143
1.420535
1.272368
1.340338
1.080268
1.06888
1.076197
1.100495
1.054809
1.387147
0.976929
1.150073
1.212068
1.187429
Min in ms: 0.976929
Max in ms: 35.518026
Average in ms: 2.74794784
