37.63669
28.957113
11.542278
1.522294
1.575695
1.387952
1.469842
1.153974
1.697036
2.956253
4.254626
1.304585
1.62768
1.201622
1.213162
1.178038
5.045445
1.227012
1.37783
1.30821
1.511024
1.757842
1.621133
1.64888
1.626649
1.611168
1.488458
1.479849
1.427098
1.443839
1.281826
1.171533
1.192919
1.141773
1.067186
2.923139
1.26473
1.078518
1.189069
1.171234
1.233737
1.144954
1.222734
1.160085
1.200127
3.780094
1.107135
1.201055
1.199766
1.057014
Min in ms: 1.057014
Max in ms: 37.63669
Average in ms: 3.0608381
