33.540148
7.723354
30.51959
5.078885
1.372906
1.237943
1.593263
1.161328
1.581414
1.200998
1.553163
1.205575
1.47221
1.366511
1.316744
1.317501
1.07412
1.49993
1.149959
1.476541
4.469892
1.218465
1.584765
1.335203
1.772901
1.237803
1.662577
1.548144
1.492982
1.536129
1.467141
1.504478
1.463872
1.315517
1.344108
1.322796
2.223272
1.360986
1.303546
1.159151
3.034217
1.167935
1.088274
1.158314
1.10831
1.118242
1.21001
1.116371
1.220225
1.012805
Min in ms: 1.012805
Max in ms: 33.540148
Average in ms: 2.88001028
