38.153077
26.447724
3.487542
2.129691
1.48683
1.263594
1.200049
1.725102
1.176091
1.493212
1.576492
1.527745
1.520897
1.533433
1.514187
1.243262
1.277518
1.238019
1.238076
1.235343
1.288161
1.125738
1.20146
1.220549
1.159439
1.532302
1.227538
1.178064
1.601959
1.141313
1.555753
1.263242
1.487331
1.322107
1.367416
1.376656
1.205828
1.537837
1.156972
1.573972
1.19439
1.499719
1.213368
1.385497
1.368874
1.367936
1.375406
1.007122
1.411671
0.953304
Min in ms: 0.953304
Max in ms: 38.153077
Average in ms: 2.63537616
