32.62669
10.707968
27.16158
12.741918
1.376378
1.093154
1.593927
1.17167
1.465243
1.238474
2.372982
1.086292
1.295712
1.099561
1.480041
1.035611
1.44733
1.21659
1.356249
1.328367
3.030707
1.323412
1.395074
1.412758
1.554282
1.160045
1.652152
1.19258
1.696595
1.525956
1.609616
1.551851
1.542935
1.565711
1.410007
1.370813
1.307898
1.309755
1.282593
1.24724
1.253985
1.212097
1.165556
1.104519
1.123157
1.112762
1.076264
1.266855
1.033364
1.003752
Min in ms: 1.003752
Max in ms: 32.62669
Average in ms: 2.92780056
