30.300119
43.21318
4.663768
1.439227
1.371424
1.469015
1.310127
1.406216
1.39
1.539662
1.611876
1.532008
4.032322
1.615516
1.339758
1.352342
1.57564
1.592773
1.509575
1.345333
1.652008
1.472288
1.565525
1.416717
1.581783
1.596183
1.564568
1.682045
1.480516
1.320365
1.345194
1.310683
1.178941
1.192777
2.302409
1.242177
1.189719
1.142958
1.308651
1.372923
1.084322
1.500267
1.089263
1.537404
2.906769
1.061141
1.352818
1.334181
1.083087
1.176657
Min in ms: 1.061141
Max in ms: 43.21318
Average in ms: 2.9730844
