41.559094
17.023467
34.812449
31.337594
4.878177
1.572635
1.528135
1.905982
1.389858
1.611773
1.857113
5.390985
1.584397
1.554876
1.682692
1.531456
1.654439
4.723818
1.525686
1.756312
1.666327
1.625339
1.716339
1.502539
1.234624
1.711103
4.425406
1.443164
1.616958
1.727445
1.564095
1.682607
1.437518
1.431177
1.817259
6.133434
1.645596
1.651366
1.547841
1.626556
1.480811
1.782483
1.474309
1.578252
1.540264
1.490445
1.513989
1.495377
1.541203
1.373042
Min in ms: 1.234624
Max in ms: 41.559094
Average in ms: 4.30715612
