29.885264
15.284579
24.463529
1.695244
1.760843
1.664463
1.732991
1.582863
1.923674
1.617954
1.619538
1.680049
1.664445
1.638082
1.678454
1.590393
1.676726
1.653814
1.64408
1.715097
1.694681
1.544688
1.539055
1.617971
1.592846
1.723733
1.79746
1.821609
1.584804
1.645977
1.724883
1.607799
1.677071
1.595453
1.57377
1.602279
1.574472
1.691127
1.67159
1.60268
1.56584
1.533153
1.680881
1.685993
1.639624
1.631908
1.664069
1.725966
1.612905
1.641019
Min in ms: 1.533153
Max in ms: 29.885264
Average in ms: 2.94874776
