29.137063
20.117461
17.182266
3.503085
4.701477
3.426627
1.584037
1.790606
1.592322
1.437145
1.602683
1.772073
1.7241
1.613113
1.692442
1.668413
1.709162
1.763461
1.6254
1.737165
1.685717
1.92151
1.54801
1.435758
1.661781
1.589204
1.496716
1.457759
1.846334
1.679565
1.415905
1.451863
1.456933
1.565637
1.583264
1.627452
1.725229
1.796321
1.880739
1.576392
1.750144
1.503718
1.487288
1.856446
1.820857
1.775423
1.459451
1.490523
1.477443
1.716194
Min in ms: 1.415905
Max in ms: 29.137063
Average in ms: 3.00239354
