32.215954
29.68586
12.607119
5.038772
25.854176
3.643422
1.598672
1.694667
1.665289
1.757922
1.607084
2.030975
1.58276
1.540552
1.487582
1.605083
3.688957
2.784243
1.639078
2.104179
1.878142
1.774782
1.581472
1.65859
1.505084
1.432862
1.397205
1.406074
1.387894
1.351441
1.425358
1.338577
1.370831
1.468016
1.390856
1.264463
1.895688
1.571156
1.526179
1.355407
1.531886
1.295166
1.578198
1.249559
1.624704
4.231737
1.476986
1.575757
1.437613
1.581462
Min in ms: 1.249559
Max in ms: 32.215954
Average in ms: 3.66790982
