36.862185
12.055519
29.680908
1.411268
1.442197
1.181398
1.134283
1.489676
1.191237
1.594935
1.099653
1.533094
1.170007
1.396595
1.280547
1.269496
1.571238
1.132762
1.533299
1.162028
4.709049
1.092153
1.324231
1.541014
1.229887
1.550831
1.248307
1.517477
1.286156
1.305531
1.372993
1.090057
1.488235
1.06948
1.288571
1.194231
1.095966
1.516073
1.149059
1.525992
1.110599
1.234782
1.975266
1.180633
1.140831
1.202167
1.053296
1.034597
1.066143
1.069779
Min in ms: 1.034597
Max in ms: 36.862185
Average in ms: 2.85711422
