37.497194
39.330476
14.676158
1.701383
1.484684
1.670362
3.413084
31.767681
5.883413
1.611582
1.149246
1.848371
1.234882
1.65032
1.25464
1.622999
1.512942
1.842888
1.458943
1.930649
1.760449
1.649614
1.744457
1.562444
1.844151
1.508852
1.616574
1.146338
1.705696
1.169698
1.665994
1.316571
1.843118
1.157458
1.585591
1.246653
1.383022
1.346878
1.350163
1.41634
2.063551
1.479403
1.317528
1.713427
1.32062
1.461532
1.315234
1.44976
1.353082
1.331517
Min in ms: 1.146338
Max in ms: 39.330476
Average in ms: 3.98735224
