1.533205
0.074599
0.071461
0.028645
0.017475
0.015234
0.014827
0.014327
0.014468
0.013942
0.013838
0.013802
0.014726
0.013243
0.009908
0.013198
0.014441
0.013477
0.013103
0.013842
0.16538
0.016731
0.016595
0.01783
0.011196
0.121801
0.031088
0.012385
0.021471
0.015531
0.014668
0.014163
0.014076
0.014335
0.013692
0.012913
0.087778
0.021667
0.034975
0.099783
0.023687
0.028529
0.013758
0.014525
0.012914
0.01387
0.013195
0.012419
0.012062
0.012951
Min in ms: 0.009908
Max in ms: 1.533205
Average in ms: 0.05695458
