1.562503
0.531866
0.077399
0.072236
0.109508
0.105037
0.106754
0.065824
0.014426
0.017061
0.015256
0.01482
0.016869
0.014968
0.016582
0.015062
0.014281
0.01449
0.014624
0.014319
0.133617
0.017163
0.017211
0.015381
0.017737
0.016991
0.012788
0.017162
0.033037
0.014861
0.015059
0.014499
0.01433
0.014351
0.014666
0.013679
0.017334
0.012964
0.018732
0.014005
0.091852
0.022367
0.030267
0.025593
0.023891
0.02318
0.022405
0.020168
0.018807
0.019972
Min in ms: 0.012788
Max in ms: 1.562503
Average in ms: 0.07115908
